# Input: C:/Users/Yanyan/Documents/Visual Studio 2013/Projects/StressTransGraphVis/data/biological_yun/biological_yun.txt
# Nodes: 170    Edges: 183
# Algoritm: Clauset-Newman-Moore
# Modularity: 0.803607
# Communities: 12
# NId	CommunityId
0	0
1	0
2	0
3	0
4	0
5	0
6	0
7	0
8	0
9	0
10	0
11	0
12	0
13	0
14	0
15	0
16	0
17	0
18	0
19	0
20	0
21	0
22	0
23	0
24	0
25	0
26	0
27	0
28	0
29	0
30	0
31	0
32	0
33	0
34	0
35	0
36	0
37	0
38	0
39	0
40	0
41	0
42	0
43	0
44	0
45	0
46	0
47	0
48	0
49	0
50	0
51	0
52	0
53	0
54	0
55	0
56	0
57	0
58	0
59	0
60	0
61	0
62	0
63	0
64	0
65	0
66	0
67	0
68	0
69	0
70	0
71	0
72	0
73	0
74	0
75	0
76	0
77	0
78	0
79	0
80	0
81	0
82	0
83	0
84	0
85	0
86	0
87	0
88	0
89	0
90	0
91	0
92	0
93	0
94	0
95	0
96	0
97	0
98	0
99	0
100	0
101	0
102	0
103	0
104	0
105	0
106	0
107	0
108	0
109	0
110	0
111	0
112	0
113	0
114	0
115	0
116	0
117	0
118	0
119	0
120	0
121	0
122	0
123	0
124	0
125	0
126	0
127	0
128	0
129	0
130	0
131	0
132	0
133	0
134	0
135	0
136	0
137	0
138	0
139	0
140	0
141	0
142	0
143	0
144	0
145	0
146	0
147	0
148	0
149	0
150	0
151	0
152	0
153	0
154	0
155	0
156	0
157	0
158	0
159	0
160	0
161	0
162	0
163	0
164	0
165	0
166	0
167	0
168	0
169	0
170	0
171	0
172	0
173	0
174	0
175	0
176	0
177	0
178	0
179	0
180	0
181	0
182	0
183	0
184	0
185	0
186	0
187	1
188	1
189	1
190	1
191	1
192	1
193	1
194	1
195	1
196	1
197	1
198	1
199	1
200	1
201	1
202	1
203	1
204	1
205	1
206	1
207	1
208	1
209	1
210	1
211	1
212	1
213	1
214	1
215	1
216	1
217	1
218	1
219	1
220	1
221	1
222	1
223	1
224	1
225	1
226	1
227	1
228	1
229	1
230	1
231	1
232	1
233	1
234	1
235	1
236	1
237	1
238	1
239	1
240	1
241	1
242	1
243	1
244	1
245	1
246	1
247	1
248	1
249	1
250	1
251	1
252	1
253	1
254	1
255	1
256	1
257	1
258	1
259	1
260	1
261	1
262	1
263	1
264	1
265	1
266	1
267	1
268	1
269	1
270	1
271	1
272	1
273	1
274	1
275	1
276	1
277	1
278	1
279	1
280	1
281	1
282	1
283	1
284	1
285	1
286	1
287	1
288	1
289	1
290	1
291	1
292	1
293	1
294	1
295	1
296	1
297	1
298	1
299	1
300	1
301	1
302	1
303	1
304	1
305	1
306	1
307	1
308	1
309	1
310	1
311	1
312	1
313	1
314	1
315	1
316	1
317	1
318	1
319	1
320	1
321	1
322	1
323	1
324	1
325	1
326	1
327	1
328	1
329	1
330	1
331	1
332	1
333	1
334	1
335	1
336	1
337	1
338	1
339	1
340	1
341	1
342	1
343	1
344	1
345	1
346	1
347	1
348	1
349	1
350	1
351	1
352	1
353	1
354	1
355	1
356	1
357	1
358	1
359	1
360	1
361	1
362	1
363	1
364	1
365	1
366	1
367	1
368	1
369	1
370	1
371	1
372	1
373	1
374	1
375	1
376	1
377	1
378	1
379	1
380	1
381	1
382	1
383	1
384	1
385	1
386	1
387	1
388	1
389	1
390	1
391	1
392	1
393	1
394	1
395	1
396	1
397	1
398	1
399	1
400	1
401	1
402	1
403	1
404	1
405	1
406	1
407	1
408	1
409	1
410	1
411	1
412	1
413	1
414	1
415	1
416	1
417	1
418	1
419	1
420	1
421	1
422	1
423	1
424	1
425	1
426	1
427	1
428	1
429	1
430	1
431	1
432	1
433	1
434	1
435	1
436	1
437	1
438	1
439	1
440	1
441	1
442	1
443	1
444	1
445	1
446	1
447	1
448	1
449	1
450	1
451	1
452	1
453	1
454	1
455	1
456	1
457	1
458	1
459	1
460	1
461	1
462	1
463	1
464	1
465	1
466	1
467	1
468	1
469	1
470	1
471	1
472	1
473	1
474	1
475	1
476	1
477	1
478	1
479	1
480	1
481	1
482	1
483	1
484	1
485	1
486	1
487	1
488	1
489	1
490	1
491	1
492	1
493	1
494	1
495	1
496	1
497	1
498	1
499	1
500	1
501	1
502	1
503	1
504	1
505	1
506	1
507	1
508	1
509	1
510	1
511	1
512	1
513	1
514	1
515	1
516	1
517	1
518	1
519	1
520	1
521	1
522	1
523	1
524	1
525	1
526	1
527	1
528	1
529	1
530	1
531	1
532	1
533	1
534	1
535	1
536	1
537	1
538	1
539	1
540	1
541	1
542	1
543	1
544	1
545	1
546	1
547	1
548	1
549	1
550	1
551	1
552	1
553	1
554	1
555	1
556	1
557	1
558	1
559	1
560	1
561	1
562	1
563	1
564	1
565	1
566	1
567	1
568	1
569	1
570	1
571	1
572	1
573	1
574	1
575	1
576	1
577	1
578	1
579	1
580	1
581	1
582	1
583	1
584	1
585	1
586	1
587	1
588	1
589	1
590	1
591	1
592	1
593	1
594	1
595	1
596	1
597	1
598	1
599	1
600	1
601	1
602	1
603	1
604	1
605	1
606	1
607	1
608	1
609	1
610	1
611	1
612	1
613	1
614	1
615	1
616	1
617	1
618	1
619	1
620	1
621	1
622	1
623	1
624	1
625	1
626	1
627	1
628	1
629	1
630	1
631	2
632	2
633	2
634	2
635	2
636	2
637	2
638	2
639	2
640	2
641	2
642	2
643	2
644	2
645	2
646	2
647	2
648	2
649	2
650	2
651	2
652	2
653	2
654	2
655	2
656	2
657	2
658	2
659	2
660	2
661	2
662	2
663	2
664	2
665	2
666	2
667	2
668	2
669	2
670	2
671	2
672	2
673	2
674	2
675	2
676	2
677	2
678	2
679	2
680	2
681	2
682	2
683	2
684	2
685	2
686	2
687	2
688	2
689	2
690	2
691	2
692	2
693	2
694	2
695	2
696	2
697	2
698	2
699	2
700	2
701	2
702	2
703	2
704	2
705	2
706	2
707	2
708	2
709	2
710	2
711	2
712	2
713	2
714	2
715	2
716	2
717	2
718	2
719	2
720	2
721	2
722	2
723	2
724	2
725	2
726	2
727	2
728	2
729	2
730	2
731	2
732	2
733	2
734	2
735	2
736	2
737	2
738	2
739	2
740	2
741	2
742	2
743	2
744	2
745	2
746	2
747	2
748	2
749	2
750	2
751	2
752	2
753	2
754	2
755	2
756	2
757	2
758	2
759	2
760	2
761	2
762	2
763	2
764	2
765	2
766	2
767	2
768	2
769	2
770	2
771	2
772	2
773	2
774	2
775	2
776	2
777	2
778	2
779	2
780	2
781	2
782	2
783	2
784	2
785	2
786	2
787	2
788	2
789	3
790	3
791	3
792	3
793	3
794	3
795	3
796	3
797	3
798	3
799	3
800	3
801	3
802	3
803	3
804	3
805	3
806	3
807	3
808	3
809	3
810	3
811	3
812	3
813	3
814	3
815	3
816	3
817	3
818	3
819	3
820	3
821	3
822	3
823	3
824	3
825	3
826	3
827	3
828	3
829	3
830	3
831	3
832	3
833	3
834	3
835	3
836	3
837	3
838	3
839	3
840	3
841	3
842	3
843	3
844	3
845	3
846	3
847	3
848	3
849	3
850	3
851	3
852	3
853	3
854	3
855	3
856	3
857	3
858	3
859	3
860	3
861	3
862	3
863	3
864	3
865	3
866	3
867	3
868	3
869	3
870	3
871	3
872	3
873	3
874	3
875	3
876	3
877	3
878	3
879	3
880	3
881	3
882	3
883	3
884	3
885	3
886	3
887	3
888	3
889	3
890	3
891	3
892	3
893	3
894	3
895	3
896	3
897	3
898	3
899	3
900	3
901	3
902	3
903	3
904	3
905	3
906	3
907	3
908	3
909	3
910	3
911	3
912	3
913	3
914	3
915	3
916	3
917	3
918	3
919	3
920	3
921	3
922	3
923	3
924	3
925	3
926	3
927	3
928	3
929	3
930	3
931	3
932	3
933	3
934	3
935	3
936	3
937	3
938	3
939	3
940	3
941	3
942	3
943	3
944	3
945	3
946	3
947	3
948	3
949	3
950	3
951	3
952	3
953	3
954	3
955	3
956	3
957	3
958	3
959	3
960	3
961	3
962	3
963	3
964	3
965	3
966	3
967	3
968	3
969	3
970	3
971	3
972	3
973	3
974	3
975	3
976	3
977	3
978	3
979	3
980	3
981	3
982	3
983	3
984	3
985	3
986	3
987	3
988	3
989	3
990	3
991	3
992	3
993	3
994	3
995	3
996	3
997	3
998	3
999	3
1000	3
1001	3
1002	3
1003	3
1004	3
1005	3
1006	3
1007	3
1008	3
1009	3
1010	3
1011	3
1012	3
1013	3
1014	3
1015	3
1016	3
1017	3
1018	3
1019	3
1020	3
1021	3
1022	3
1023	3
1024	3
1025	3
1026	3
1027	3
1028	3
1029	3
1030	3
1031	3
1032	3
1033	3
1034	3
1035	3
1036	3
1037	3
1038	3
1039	3
1040	3
1041	3
1042	3
1043	3
1044	3
1045	3
1046	3
1047	3
1048	3
1049	3
1050	3
1051	3
1052	3
1053	3
1054	3
1055	3
1056	3
1057	3
1058	3
1059	3
1060	4
1061	4
1062	4
1063	4
1064	4
1065	4
1066	4
1067	4
1068	4
1069	5
1070	5
1071	5
1072	5
1073	5
1074	5
1075	5
1076	5
1077	5
1078	5
1079	5
1080	5
1081	5
1082	5
1083	5
1084	5
1085	5
1086	5
1087	5
1088	5
1089	5
1090	5
1091	5
1092	5
1093	5
1094	5
1095	5
1096	5
1097	5
1098	5
1099	5
1100	5
1101	5
1102	5
1103	5
1104	5
1105	5
1106	5
1107	5
1108	5
1109	5
1110	5
1111	5
1112	5
1113	5
1114	5
1115	5
1116	5
1117	5
1118	5
1119	5
1120	5
1121	5
1122	5
1123	5
1124	5
1125	5
1126	5
1127	5
1128	5
1129	5
1130	5
1131	5
1132	5
1133	5
1134	5
1135	5
1136	5
1137	5
1138	5
1139	5
1140	5
1141	5
1142	5
1143	5
1144	5
1145	5
1146	5
1147	5
1148	5
1149	5
1150	5
1151	5
1152	5
1153	5
1154	5
1155	5
1156	5
1157	5
1158	5
1159	5
1160	5
1161	5
1162	5
1163	5
1164	5
1165	5
1166	5
1167	5
1168	5
1169	5
1170	5
1171	5
1172	5
1173	5
1174	5
1175	5
1176	5
1177	5
1178	5
1179	5
1180	5
1181	5
1182	5
1183	5
1184	5
1185	5
1186	6
1187	6
1188	6
1189	6
1190	6
1191	6
1192	6
1193	6
1194	6
1195	6
1196	6
1197	6
1198	6
1199	6
1200	6
1201	6
1202	6
1203	6
1204	6
1205	6
1206	6
1207	6
1208	6
1209	6
1210	6
1211	6
1212	6
1213	6
1214	6
1215	6
1216	6
1217	6
1218	6
1219	6
1220	6
1221	6
1222	6
1223	6
1224	6
1225	6
1226	6
1227	6
1228	6
1229	6
1230	6
1231	6
1232	6
1233	6
1234	6
1235	6
1236	6
1237	6
1238	6
1239	6
1240	6
1241	6
1242	6
1243	6
1244	6
1245	6
1246	6
1247	6
1248	6
1249	6
1250	6
1251	6
1252	6
1253	6
1254	6
1255	6
1256	6
1257	6
1258	6
1259	6
1260	6
1261	6
1262	6
1263	6
1264	6
1265	6
1266	6
1267	6
1268	6
1269	6
1270	6
1271	6
1272	6
1273	6
1274	6
1275	6
1276	6
1277	6
1278	6
1279	6
1280	6
1281	6
1282	6
1283	6
1284	6
1285	6
1286	6
1287	6
1288	6
1289	6
1290	6
1291	6
1292	6
1293	6
1294	6
1295	6
1296	6
1297	6
1298	6
1299	6
1300	6
1301	6
1302	6
1303	6
1304	6
1305	6
1306	6
1307	6
1308	6
1309	6
1310	6
1311	6
1312	6
1313	6
1314	6
1315	6
1316	6
1317	6
1318	6
1319	6
1320	6
1321	6
1322	6
1323	6
1324	6
1325	6
1326	6
1327	6
1328	6
1329	6
1330	6
1331	6
1332	6
1333	6
1334	6
1335	6
1336	6
1337	6
1338	6
1339	6
1340	6
1341	6
1342	6
1343	6
1344	6
1345	6
1346	6
1347	6
1348	6
1349	6
1350	6
1351	6
1352	6
1353	6
1354	6
1355	6
1356	6
1357	6
1358	6
1359	6
1360	6
1361	6
1362	6
1363	6
1364	7
1365	7
1366	7
1367	7
1368	7
1369	7
1370	7
1371	7
1372	7
1373	7
1374	7
1375	7
1376	7
1377	7
1378	7
1379	7
1380	7
1381	7
1382	7
1383	7
1384	7
1385	7
1386	7
1387	7
1388	7
1389	7
1390	7
1391	7
1392	7
1393	7
1394	7
1395	7
1396	7
1397	7
1398	7
1399	7
1400	7
1401	7
1402	7
1403	7
1404	7
1405	7
1406	7
1407	7
1408	7
1409	7
1410	7
1411	7
1412	7
1413	7
1414	7
1415	8
1416	8
1417	8
1418	8
1419	8
1420	8
1421	8
1422	8
1423	8
1424	8
1425	8
1426	8
1427	8
1428	8
1429	8
1430	8
1431	8
1432	8
1433	8
1434	8
1435	8
1436	8
1437	8
1438	8
1439	8
1440	8
1441	8
1442	8
1443	8
1444	8
1445	8
1446	8
1447	8
1448	8
1449	8
1450	8
1451	8
1452	8
1453	8
1454	8
1455	8
1456	8
1457	8
1458	8
1459	8
1460	8
1461	8
1462	8
1463	8
1464	8
1465	8
1466	8
1467	8
1468	8
1469	8
1470	8
1471	9
1472	9
1473	9
1474	9
1475	9
1476	9
1477	9
1478	9
1479	9
1480	9
1481	9
1482	9
1483	9
1484	9
1485	9
1486	9
1487	9
1488	9
1489	9
1490	9
1491	9
1492	9
1493	9
1494	9
1495	9
1496	9
1497	9
1498	9
1499	9
1500	9
1501	9
1502	9
1503	9
1504	9
1505	9
1506	9
1507	9
1508	9
1509	9
1510	9
1511	10
1512	10
1513	10
1514	10
1515	10
1516	10
1517	10
1518	10
1519	10
1520	10
1521	10
1522	10
1523	10
1524	10
1525	10
1526	10
1527	10
1528	10
1529	10
1530	10
1531	10
1532	10
1533	10
1534	10
1535	10
1536	10
1537	10
1538	10
1539	10
1540	10
1541	10
1542	10
1543	10
1544	10
1545	10
1546	10
