0 1
2 1
3 1
4 1
5 1
6 1
7 1
8 9
10 9
11 9
12 9
13 9
14 9
15 9
16 9
17 9
18 9
19 20
21 20
22 20
23 20
24 20
25 20
26 20
27 20
28 29
30 29
31 29
32 29
33 29
34 29
35 29
36 29
37 29
38 29
39 29
40 29
41 42
43 42
12 42
14 42
44 42
3 42
45 42
46 42
47 42
48 42
49 50
48 50
51 50
52 50
53 50
54 55
56 55
57 55
12 55
58 55
59 55
60 55
8 61
62 61
63 61
64 61
65 61
66 61
14 61
67 68
69 68
70 68
71 68
72 68
73 68
74 68
75 68
76 77
78 77
79 77
80 77
81 77
82 77
83 77
84 77
85 77
86 77
87 77
88 89
90 89
91 89
92 89
93 89
94 89
95 89
96 89
97 89
98 89
99 89
100 89
101 89
102 89
103 89
104 89
105 106
107 106
108 106
109 106
110 106
7 106
72 106
48 111
112 111
113 111
114 111
49 111
115 116
117 116
118 116
119 116
120 116
121 116
122 116
123 116
124 116
125 116
14 116
28 126
127 126
128 126
129 126
130 126
97 126
131 126
132 126
133 126
134 126
135 126
136 126
39 126
137 126
138 139
140 139
141 139
142 139
143 139
47 139
7 139
144 145
146 145
147 145
148 145
149 145
150 145
151 145
152 145
153 145
154 145
155 145
156 157
158 157
159 157
160 157
161 157
162 157
163 157
164 157
165 157
166 157
167 157
21 157
150 157
168 157
169 157
170 171
172 171
173 171
174 171
51 171
175 171
176 171
177 171
3 171
178 171
179 180
181 180
182 180
141 180
183 180
184 180
185 180
186 180
215 216
217 216
218 216
219 216
220 216
221 216
222 216
223 216
224 216
225 216
226 216
227 228
229 228
230 228
231 228
208 228
232 228
233 228
234 228
235 228
236 228
237 228
192 228
238 239
240 239
241 239
242 239
197 239
243 239
244 239
245 239
210 239
246 239
247 239
248 239
249 239
250 239
251 252
253 252
254 252
255 252
256 252
257 252
258 252
259 252
200 252
260 252
261 262
263 262
264 262
265 262
266 262
204 262
267 262
268 262
269 262
270 262
271 262
272 262
273 262
274 262
275 276
277 276
278 276
279 276
280 276
281 276
282 276
283 276
284 276
285 276
286 276
287 276
288 276
212 276
289 290
291 290
292 290
293 290
294 295
187 295
213 295
196 295
296 295
297 295
298 299
300 299
301 299
302 299
303 299
304 299
305 299
306 299
307 299
308 299
309 299
310 299
311 312
313 312
314 312
315 312
316 312
317 312
318 312
202 312
319 320
197 320
321 320
322 320
323 320
324 320
207 325
214 325
326 325
327 325
195 325
328 325
329 325
193 325
330 331
332 331
333 331
334 331
208 331
303 331
307 331
335 331
336 331
337 331
190 338
339 338
340 338
341 338
342 338
231 338
234 338
343 344
345 344
346 344
347 344
348 344
287 344
349 344
203 344
350 344
351 352
353 352
354 352
355 352
356 352
357 352
358 352
359 352
360 352
361 352
362 352
287 352
363 352
364 365
366 365
367 365
274 365
269 365
368 365
369 365
370 365
371 365
372 365
373 365
374 375
376 375
303 375
377 375
378 375
379 375
380 375
381 375
382 375
191 375
383 375
384 385
386 385
387 385
388 385
389 385
204 385
205 385
390 385
391 385
392 385
393 394
211 394
395 394
396 394
397 394
398 394
399 394
400 394
401 402
403 402
404 402
405 402
406 402
407 402
256 402
408 409
197 409
410 409
411 409
412 409
413 409
206 409
414 415
416 415
417 415
189 415
418 415
206 415
419 420
421 420
422 420
213 420
307 420
423 420
424 420
425 420
426 420
408 427
428 427
429 427
307 427
211 427
430 431
432 431
433 431
434 431
209 431
435 431
369 431
436 431
223 431
199 431
437 431
438 439
206 439
440 439
441 439
442 439
443 439
444 439
445 439
204 439
446 447
448 447
449 447
450 447
451 447
452 447
453 447
454 447
269 447
455 447
456 447
210 447
457 447
458 447
459 447
208 447
460 447
461 447
372 462
463 462
464 462
465 462
466 462
467 462
468 462
469 462
470 462
471 462
414 472
473 472
474 472
475 472
476 472
477 478
479 478
480 478
481 478
482 478
483 478
210 478
219 478
203 478
484 478
485 486
194 486
487 486
269 486
488 486
489 486
490 486
369 486
491 486
492 486
193 486
493 486
494 486
495 486
408 496
497 496
498 496
499 496
500 496
501 496
502 496
503 504
275 504
505 504
506 504
507 504
508 504
204 504
509 504
343 504
510 504
511 504
512 504
513 504
514 504
515 516
517 516
518 516
519 516
520 516
208 516
416 516
195 516
521 516
522 516
476 516
523 524
525 524
526 524
340 524
416 524
527 524
309 524
528 529
530 529
208 529
531 529
532 529
533 529
534 529
535 529
536 537
538 537
213 537
223 537
539 537
540 537
398 541
198 541
542 541
543 541
544 541
545 541
546 541
547 541
210 541
548 541
549 541
219 541
550 551
343 551
545 551
552 551
553 551
554 551
219 551
555 551
556 551
557 551
231 558
559 558
560 558
196 558
561 558
562 558
208 558
563 558
564 558
532 558
565 558
275 566
567 566
568 566
269 566
569 566
570 566
287 566
313 566
571 566
572 573
574 573
495 573
575 573
576 573
231 573
577 573
234 573
578 579
580 579
275 579
456 579
210 579
581 579
582 579
583 579
211 579
584 579
398 579
585 579
586 579
587 579
588 579
589 590
591 590
269 590
592 590
593 590
594 590
595 590
596 590
597 590
188 590
201 590
598 590
599 590
600 590
212 590
193 590
601 590
602 590
603 590
604 605
606 605
607 605
608 605
609 605
610 605
611 605
612 605
613 605
532 605
614 615
616 615
617 615
460 615
618 615
575 615
619 615
620 621
622 621
460 621
255 621
623 621
624 621
196 621
625 621
619 621
408 626
197 626
627 626
628 626
412 626
629 626
206 626
630 626
640 641
642 641
643 641
644 641
645 641
646 641
647 641
648 641
649 641
650 641
651 641
652 641
653 641
654 641
631 655
656 655
657 655
658 655
635 655
659 655
660 655
661 655
662 655
663 655
664 655
637 655
665 655
666 655
667 655
668 655
669 655
670 671
672 671
673 671
674 671
633 671
658 671
675 671
676 671
677 671
678 671
679 671
680 671
681 671
682 671
683 671
684 671
685 671
649 671
686 671
687 671
688 689
690 689
691 689
692 689
693 689
694 689
695 689
652 689
696 689
697 689
698 699
700 699
701 699
702 699
703 699
704 699
705 699
665 699
706 699
707 699
708 699
638 699
632 699
709 710
636 710
711 710
712 710
713 710
652 710
714 710
715 710
716 710
717 710
718 710
719 710
683 710
685 710
720 710
721 710
722 710
723 724
725 724
726 724
727 724
728 724
658 724
729 724
730 724
731 724
732 724
733 724
718 724
734 724
735 724
685 724
736 724
737 724
738 739
740 739
741 739
639 739
742 739
743 739
744 739
745 739
746 739
643 747
748 747
749 747
750 747
751 747
752 747
658 747
753 747
754 747
755 747
636 756
757 756
758 756
759 756
760 756
634 756
632 756
761 756
762 756
638 756
763 756
642 764
765 764
766 764
767 764
768 764
769 764
770 764
771 764
772 764
773 764
774 764
775 764
776 764
777 764
652 764
643 778
779 778
780 778
781 778
782 778
783 778
784 778
785 778
786 778
787 778
788 778
789 830
831 830
832 830
833 830
834 830
835 830
823 836
837 836
820 836
838 836
839 836
840 836
841 842
843 842
844 842
845 842
846 842
807 842
803 842
814 842
847 842
848 842
849 842
850 842
851 852
853 852
854 852
855 852
817 852
813 856
857 856
829 856
858 856
859 856
860 856
861 856
862 856
798 856
863 856
864 856
794 856
865 856
866 856
867 856
868 856
869 856
804 856
870 871
872 871
789 871
873 871
874 871
800 871
792 871
875 876
877 876
878 876
821 876
879 876
880 876
881 876
882 883
884 883
885 883
863 883
886 883
887 883
888 883
823 883
823 889
790 889
820 889
890 889
840 889
792 889
886 889
813 891
892 891
893 891
859 891
894 891
829 891
888 891
895 891
858 891
896 891
897 891
898 899
859 899
900 899
901 899
902 899
903 899
904 899
905 906
907 906
908 906
909 906
910 906
911 906
912 906
913 906
914 906
915 906
916 906
917 906
918 906
919 906
829 906
920 906
880 906
921 906
815 922
812 922
818 922
817 922
923 922
924 922
925 922
926 922
927 922
928 929
828 929
930 929
931 929
932 929
859 929
933 929
817 929
934 929
805 929
935 929
936 929
810 929
937 929
804 929
819 929
938 939
940 939
941 939
942 939
943 939
801 939
944 939
850 939
945 939
793 946
947 946
948 946
949 946
950 946
822 946
951 952
953 952
954 952
955 952
811 952
956 952
957 952
958 952
822 952
959 952
960 952
961 952
962 952
880 952
963 952
814 952
964 965
966 965
967 965
968 965
969 965
970 965
829 965
806 965
804 965
814 965
971 972
797 972
973 972
974 972
975 972
976 977
818 977
816 977
978 977
979 977
980 977
981 977
982 977
983 977
984 977
985 986
987 986
806 986
988 986
989 986
824 986
990 986
888 986
991 986
992 986
809 986
993 986
994 986
995 986
996 986
997 986
998 999
1000 999
1001 999
1002 999
1003 999
995 999
814 999
1004 1005
799 1005
811 1005
878 1005
795 1005
1006 1005
888 1005
825 1005
1007 1005
1008 1005
1009 1005
805 1005
1010 1005
1011 1005
1012 1005
1013 1005
1014 1005
1015 1016
812 1016
1017 1016
840 1016
1018 1016
1019 1016
802 1016
1020 1016
826 1016
796 1016
1021 1016
1022 1023
1024 1023
827 1023
1025 1023
1026 1023
1027 1023
1028 1023
1029 1023
1030 1031
1032 1031
818 1031
1033 1031
1034 1031
1035 1031
1036 1031
791 1031
1037 1031
995 1031
1038 1031
1039 1031
1040 1031
928 1041
1042 1041
799 1041
824 1041
1043 1041
1044 1041
1045 1041
1046 1041
825 1041
1047 1041
1048 1041
1049 1041
805 1041
1050 1041
886 1041
1051 1052
1053 1052
1054 1052
1055 1052
808 1052
1056 1052
1057 1052
1058 1052
1059 1052
1060 1062
1063 1062
1064 1062
1065 1062
1061 1062
1066 1062
1067 1062
1068 1062
1082 1083
1084 1083
1085 1083
1086 1083
1087 1083
1088 1083
1089 1083
1090 1083
1091 1083
1092 1083
1093 1083
1094 1095
1096 1095
1097 1095
1098 1095
1099 1095
1100 1095
1101 1095
1102 1095
1103 1095
1075 1095
1104 1095
1105 1095
1106 1095
1107 1095
1090 1095
1108 1109
1110 1109
1111 1109
1112 1109
1113 1109
1114 1109
1115 1109
1116 1109
1098 1109
1117 1109
1075 1109
1076 1109
1118 1109
1119 1109
1090 1109
1120 1109
1121 1122
1072 1122
1123 1122
1124 1122
1125 1122
1126 1122
1127 1122
1080 1122
1128 1122
1129 1122
1130 1122
1073 1122
1069 1122
1131 1122
1132 1133
1134 1133
1135 1133
1079 1133
1136 1133
1069 1133
1137 1133
1138 1133
1090 1133
1139 1133
1140 1133
1098 1133
1141 1142
1143 1142
1144 1142
1145 1142
1146 1142
1147 1142
1098 1142
1148 1142
1128 1142
1080 1142
1149 1142
1150 1142
1151 1142
1152 1142
1153 1154
1155 1154
1156 1154
1157 1154
1072 1154
1070 1154
1071 1154
1158 1154
1069 1154
1081 1159
1160 1159
1161 1159
1162 1159
1075 1159
1163 1159
1164 1159
1165 1159
1166 1159
1072 1167
1168 1167
1169 1167
1170 1167
1098 1167
1171 1167
1075 1167
1172 1167
1078 1167
1090 1167
1173 1167
1077 1174
1175 1174
1176 1174
1177 1174
1178 1174
1179 1174
1074 1174
1105 1174
1180 1174
1099 1174
1181 1174
1076 1174
1182 1174
1183 1174
1128 1174
1080 1174
1073 1174
1184 1174
1185 1174
1219 1220
1221 1220
1222 1220
1223 1220
1224 1220
1191 1220
1225 1220
1196 1220
1226 1220
1200 1220
1227 1220
1228 1220
1198 1229
1230 1229
1231 1229
1232 1229
1233 1229
1214 1229
1207 1229
1234 1229
1235 1229
1236 1229
1197 1229
1237 1229
1238 1239
1240 1239
1241 1239
1242 1239
1243 1239
1244 1239
1245 1239
1215 1239
1246 1239
1187 1239
1192 1239
1247 1239
1210 1239
1248 1239
1249 1239
1250 1239
1251 1239
1252 1253
1254 1253
1255 1253
1256 1253
1257 1253
1258 1253
1259 1253
1260 1253
1261 1253
1262 1253
1214 1253
1199 1253
1193 1253
1263 1253
1212 1264
1265 1264
1266 1264
1267 1264
1268 1264
1269 1264
1270 1264
1271 1264
1272 1273
1218 1273
1274 1273
1275 1273
1276 1273
1277 1273
1208 1273
1278 1273
1279 1273
1195 1273
1280 1273
1281 1273
1282 1273
1212 1273
1283 1273
1284 1285
1286 1285
1287 1285
1288 1285
1209 1285
1203 1285
1289 1285
1290 1285
1291 1285
1292 1285
1293 1285
1205 1285
1294 1285
1295 1285
1296 1285
1212 1285
1297 1285
1298 1299
1300 1299
1301 1299
1205 1299
1202 1299
1302 1299
1201 1299
1206 1299
1303 1299
1189 1299
1304 1299
1262 1305
1306 1305
1307 1305
1212 1305
1308 1305
1309 1305
1217 1305
1310 1305
1311 1305
1312 1313
1314 1313
1315 1313
1316 1313
1317 1313
1318 1313
1319 1313
1320 1313
1195 1313
1321 1313
1322 1313
1323 1313
1324 1313
1325 1326
1327 1326
1328 1326
1212 1326
1190 1326
1227 1329
1330 1329
1331 1329
1332 1329
1333 1329
1334 1329
1335 1329
1216 1329
1336 1329
1337 1338
1339 1338
1340 1338
1341 1338
1193 1338
1342 1338
1343 1338
1212 1344
1211 1344
1345 1344
1346 1344
1347 1344
1201 1344
1348 1344
1349 1344
1350 1344
1194 1344
1351 1344
1186 1344
1352 1344
1353 1354
1188 1354
1355 1354
1356 1354
1357 1354
1358 1354
1359 1354
1360 1354
1361 1354
1204 1354
1207 1354
1213 1354
1262 1354
1362 1354
1363 1354
1376 1377
1378 1377
1379 1377
1380 1377
1381 1377
1371 1377
1364 1377
1382 1377
1383 1377
1369 1384
1385 1384
1386 1384
1372 1384
1387 1384
1364 1388
1389 1388
1390 1388
1367 1388
1391 1388
1365 1388
1392 1388
1393 1388
1394 1388
1370 1388
1395 1388
1368 1388
1396 1388
1397 1388
1375 1388
1374 1398
1399 1398
1400 1398
1401 1398
1372 1398
1402 1398
1403 1398
1404 1398
1405 1398
1373 1406
1407 1406
1408 1406
1409 1406
1410 1406
1411 1406
1412 1406
1413 1406
1414 1406
1366 1406
1430 1431
1432 1431
1433 1431
1434 1431
1427 1431
1435 1431
1421 1431
1428 1431
1436 1431
1437 1431
1422 1431
1438 1431
1439 1431
1440 1431
1441 1431
1415 1431
1442 1431
1443 1444
1423 1444
1426 1444
1445 1444
1446 1444
1425 1444
1429 1444
1447 1444
1448 1444
1419 1444
1449 1444
1450 1444
1418 1451
1452 1451
1453 1451
1454 1451
1455 1451
1456 1451
1457 1451
1458 1451
1459 1451
1460 1451
1425 1451
1448 1451
1419 1451
1461 1451
1462 1463
1424 1463
1446 1463
1418 1463
1417 1464
1465 1464
1466 1464
1467 1464
1468 1464
1469 1464
1425 1464
1420 1464
1419 1464
1416 1464
1446 1464
1470 1464
1479 1482
1472 1482
1481 1482
1483 1482
1484 1482
1485 1482
1486 1482
1487 1482
1488 1482
1489 1482
1477 1482
1490 1482
1491 1482
1492 1482
1493 1494
1495 1494
1496 1494
1497 1494
1498 1494
1499 1494
1500 1494
1501 1494
1502 1494
1480 1503
1478 1503
1504 1503
1474 1503
1505 1503
1506 1503
1507 1503
1481 1503
1475 1503
1473 1503
1476 1503
1508 1503
1509 1503
1510 1503
1471 1503
1517 1518
1519 1518
1513 1518
1520 1518
1521 1518
1522 1518
1523 1518
1524 1518
1525 1518
1512 1518
1526 1518
1527 1518
1511 1528
1522 1528
1529 1528
1530 1528
1531 1528
1532 1528
1512 1528
1533 1528
1534 1528
1535 1528
1523 1528
1536 1528
1537 1528
1516 1538
1539 1538
1515 1538
1540 1538
1541 1538
1542 1538
1543 1538
1544 1538
1545 1538
1546 1538
1514 1538
