Line:			U1
Color:			255.0 0.0 0.0
A			0.2	0.1	    1	1	1
B			-0.1    0.9	    1	1	1
C			0.0 2.2	    1	1	1
D			0.2	2.8	    1	1	1
E			0.1	4.1	    1	1	1
F			-0.1	5.2	    1	1	1
#
0	1	1.0
1	2	1.0
2	3	1.0
3	4	1.0
4	5	1.0
#
Line:			U2
Color:			153.0 0.0 255.0
N			3.1	0.0	    1	1	1
M			3.2	1.1	    1	1	1
L			3.0	1.9	    1	1	1
K			2.8	3.0	    1	1	1
J			3.0	3.9	    1	1	1
I			3.1	5.0	    1	1	1
#
0	1	1.0
1	2	1.0
2	3	1.0
3	4	1.0
4	5	1.0
#
Line:			U3
Color:			255.0 153.0 0.0
A			0.1	0.0	    1	1	1
P			1.0 -0.2	    1	1	1
O			2.0	0.0	    1	1	1
N			3.1	0.1	    1	1	1
#
0	1	1.0
1	2	1.0
2	3	1.0
#
Line:			U4
Color:			0.0 102.0 0.0
F			0.0	5.0	    1	1	1
G			1.2	4.9	    1	1	1
H			2.0	5.1	    1	1	1
I			2.9	4.9	    1	1	1
#
0	1	1.0
1	2	1.0
2	3	1.0
#
Line:			U5
Color:			153.0 102.0 51.0
L			2.9	2.0	    1	1	1
Q			1.9	2.1	    1	1	1
H			2.0	5.1	    1	1	1
#
0	1	1.0
1	2	1.0
#
Line:			U6
Color:			153.0 102.0 151.0
C			0.0	2.0	    1	1	1
R			1.2	3.1	    1	1	1
S			0.9	3.9	    1	1	1
G			1.0	5.0	    1	1	1
#
0	1	1.0
1	2	1.0
2	3	1.0
#
End


