Line:			U1
Color:			255.0 0.0 0.0
Leopoldau			48.277522	16.451599	2	4	1
Grossfeld\siedlung		48.270512	16.448293	1	5	2
Aderklaaer_\Strasse		48.26334	16.451711	1	5	2
Rennbahn\weg			48.256927	16.449172	1	5	2
Kagraner_\Platz			48.250526	16.443700	1	4	2
Kagran				48.244299	16.434351	1	3	1
Alte_Donau			48.23789	16.424712	1	4	1
Kaiser\muehlen\-VIC		48.232191	16.416084	1	5	3
Donauinsel			48.228718	16.410377	1	4	1
Vorgarten_\Strasse		48.224029	16.401751	1	5	2
Prater\stern			48.219454	16.392567	2	5	2
Nestroy\platz			48.215537	16.385850	1	5	2
Schweden\platz			48.211790	16.377654	2	5	2
Stephans\platz			48.208673	16.372268	2	5	2
Karlsplatz			48.201294	16.369178	3	5	1
Taub\stummen\gasse		48.194715	16.369843	1	5	3
Sued\tiroler_\Platz		48.186890	16.373727	1	5	3
Kepler\platz			48.179665	16.375980	1	5	2
Reumann\platz			48.174256	16.378190	1	5	2
#
0	1	1.0
1	2	1.0
2	3	1.0
3	4	1.0
4	5	1.0
5	6	1.0
6	7	1.0
7	8	1.0
8	9	1.0
9	10	1.0
10	11	1.0
11	12	1.0
12	13	1.0
13	14	1.0
14	15	1.0
15	16	1.0
16	17	1.0
17	18	1.0
#
Line:			U2
Color:			153.0 0.0 255.0
Karlsplatz			48.201294	16.369178	3	5	1
Museums\quartier		48.202558	16.361329	1	5	2
Volks\theater			48.205112	16.358020	2	4	2
Rathaus				48.210259	16.355362	1	3	1
Schotten\tor			48.214897	16.363333	1	4	2
Schotten\ring			48.216052	16.372388	2	4	2
Tabor_\Strasse			48.219254	16.381709	1	5	2
Prater\stern			48.219454	16.392567	2	5	2
Messe-\Prater			48.217710	16.405613	1	5	2
Krieau				48.214664	16.413767	1	2	1
Stadion				48.211319	16.420032	1	3	1
Donau\marina			48.208131	16.429076	1	5	2
Donaustadt\bruecke		48.215663	16.439739	1	5	2
Stadlau				48.222444	16.450		1	3	1
Hardeg\gasse			48.224319	16.459128	1	5	2
Donau\spital			48.223464	16.46822	1	4	2
Aspern_\Strasse			48.226573	16.474684	2	5	2
#
0	1	1.0
1	2	1.0
2	3	1.0
3	4	1.0
4	5	1.0
5	6	1.0
6	7	1.0
7	8	1.0
8	9	1.0
9	10	1.0
10	11	1.0
11	12	1.0
12	13	1.0
13	14	1.0
14	15	1.0
15	16	1.0
#
Line:			U3
Color:			255.0 153.0 0.0
Ottakring			48.213153	16.311761	2	3	1
Kendler_\Strasse		48.203925	16.308560	1	5	2
Huettel\dorfer_\Strasse		48.199276	16.312199	1	5	3
John_\Strasse			48.198362	16.319804	1	4	2
Schwegler_\Strasse		48.198162	16.328773	1	5	2
West\bahnhof			48.196960	16.339137	2	5	2
Ziegler\gasse			48.197089	16.345939	1	5	2
Neubau\gasse			48.198491	16.350488	1	5	2
Volks\theater			48.205112	16.358020	2	4	2
Herren\gasse			48.209402	16.365530	1	5	2
Stephans\platz			48.208673	16.372268	2	5	2
Stubentor			48.207458	16.379971	1	4	1
Land_\Strasse			48.205827	16.386687	2	4	2
Rochus\gasse			48.202081	16.392245	1	5	2
Kardinal-\Nagl-Platz		48.196975	16.401042	1	5	2
Schlacht\hausgasse		48.194171	16.407630	1	5	2
Erdberg				48.189444	16.413611	1	3	1
Gasometer			48.185331	16.417681	1	4	1
Zipperer_\Strasse		48.179665	16.411428	1	5	2
Enkplatz			48.175458	16.414561	1	3	1
Simmering			48.169373	16.41913	2	4	1
#
0	1	1.0
1	2	1.0
2	3	1.0
3	4	1.0
4	5	1.0
5	6	1.0
6	7	1.0
7	8	1.0
8	9	1.0
9	10	1.0
10	11	1.0
11	12	1.0
12	13	1.0
13	14	1.0
14	15	1.0
15	16	1.0
16	17	1.0
17	18	1.0
18	19	1.0
19	20	1.0	
#
Line:			U4
Color:			0.0 102.0 0.0
Heiligen\stadt			48.249731	16.366963	2	5	2
Spittelau			48.235631	16.358452	2	3	1
Friedens\bruecke		48.227115	16.364772 	1	5	2
Rossauer_\Laende		48.221627	16.367719	1	5	2
Schotten\ring			48.216051	16.372396	2	4	2
Schweden\platz			48.211790	16.377654	2	5	2
Land_\Strasse			48.206786	16.384778	2	4	2
Stadtpark			48.202810	16.379692	1	3	1
Karlsplatz			48.201294	16.369178	3	5	1
Ketten\bruecken\gasse		48.196817	16.359071	1	5	3
Pilgram\gasse			48.192054	16.354265	1	5	2
Margareten\guertel		48.188521	16.342077	1	5	2
Laengen\feld\gasse		48.184458	16.334245	2	5	3
Meidling_\Haupt_\Strasse	48.183435	16.328795	1	5	3
Schoen\brunn			48.185842	16.319702	1	5	2
Hietzing			48.187534	16.303904	1	3	1
Braun\schweig\gasse		48.189336	16.295042	1	7	2
Unter_\St._Veit			48.191139	16.285943	1	5	2
Ober_\St._Veit			48.192240	16.276223	1	5	2
Huettel\dorf			48.196846	16.262683	2	4	2
#
0	1	1.0
1	2	1.0
2	3	1.0
3	4	1.0
4	5	1.0
5	6	1.0
6	7	1.0
7	8	1.0
8	9	1.0
9	10	1.0
10	11	1.0
11	12	1.0
12	13	1.0
13	14	1.0
14	15	1.0
15	16	1.0
16	17	1.0
17	18	1.0
18	19	1.0
#
Line:			U6
Color:			153.0 102.0 51.0
Florids\dorf			48.256084	16.400849	2	4	2
Neue_\Donau			48.246281	16.394708	1	4	2
Handelskai			48.241724	16.385378	1	4	1
Dresdner_\Strasse		48.237222	16.380078	1	5	2
Jaeger_\Strasse			48.235564	16.368813	1	5	2
Spittelau			48.235636	16.358449	2	3	1
Nussdorfer_\Strasse		48.231319	16.352462	1	5	2
Waehringer_\Strasse		48.225366	16.349398	1	5	2
Michel\beuern-\AKH		48.221038	16.346691	1	5	3
Alser_\Strasse			48.217124	16.342034	1	5	2
Josef\staedter_\Strasse		48.211419	16.339159	1	5	3
Thalia_\Strasse			48.208287	16.338322	1	5	2
Burggasse_\Stadthalle		48.205034	16.33714	1	5	2
West\bahnhof			48.196964	16.339144	2	5	2
Gumpen\dorfer_\Strasse		48.190953	16.337463	1	5	3
Laengen\feld\gasse		48.17937	16.33992	2	5	2
Niederhof_\Strasse		48.180379	16.331109	1	5	2
Philadel.\bruecke		48.174319	16.331653	1	5	2
Tschertte\gasse			48.164969	16.328151	1	5	2
Am_\Schoepf\werk		48.161390	16.324353	1	5	3
Alterlaa			48.150503	16.316856	1	3	1
Erlaaer_\Strasse		48.141574	16.316657	1	5	2
Perfekta_\Strasse		48.136498	16.312945	1	5	2
Sieben\hirten			48.129628	16.309691	1	5	2
#
0	1	1.0
1	2	1.0
2	3	1.0
3	4	1.0
4	5	1.0
5	6	1.0
6	7	1.0
7	8	1.0
8	9	1.0
9	10	1.0
10	11	1.0
11	12	1.0
12	13	1.0
13	14	1.0
14	15	1.0
15	16	1.0
16	17	1.0
17	18	1.0
18	19	1.0
19	20	1.0
20	21	1.0
21	22	1.0
22	23	1.0
#
End


